// memory data file (do not edit the following line - required for mem load use)
// instance=/TessiaX64_tb/DUT/dmem/RAM
// format=bin addressradix=h dataradix=b version=1.0 wordsperline=1 noaddress
0000000000000000000000000000000000000000000000000000000000111001
0000000000000000000000000010111000000000000000000000000000000110
0000000000000000000000000011011000000000000000000000000000000110
0000000000000000000000000011111000000000000000000000000000000110
0000000000000000000000000100011000000000000000000000000000000110
0000000000000000000000000100111000000000000000000000000000000110
0000000000000000000000000101011000000000000000000000000000000110
0000000000000000000000000101111000000000000000000000000000000110
0000000000000000000000000110011000000000000000000000000000000110
0000000000000000000000000110111000000000000000000000000000000110
0000000000000000000000000111011000000000000000000000000000000110
0000000000000000000000000111110000000000000000000000000000000110
0000000000000000010110000100100000000000000000000000000000000110
0000000000000000000000001111111100000000000000000000000000000110
0000000000000001010001100100011000000000000000000000000000000110
0000000000000000000000000111100000000000000000000000000000000110
0000000000000000000000000111011000000000000000000000000000000110
0000000000000000000000000000000100000000000000000000000000000110
0000000000000000000000000000000000000000000000000000000000000110
0000000000000000000000000000000000000000000000000000000000000110
0000000000000000000000000000000000000000000000000000000000000110
0000000000000000000000000000000000000000000000000000000000000110
0000000000000000000000000000000000000000000000000000000000000110
0000000000000000000000000000000000000000000000000000000000000110
0000000000000000000000000000000000000000000000000000000000000110
0000000000000000000000000000000000000000000000000000000000000110
0000000000000000000000000000000000000000000000000000000000000110
0000000000000000000000000000000000000000000000000000000000000110
0000000000000000000000000000000000000000000000000000000000000110
0000000000000000000000000000000000000000000000000000000000000110
0000000000000000000000000000000000000000000000000000000000000110
0000000000000000000000000000000000000000000000000000000000000110
0000000000000000000000000000000000000000000000000000000000000110
0000000000000000000000000000000000000000000000000000000000000110
0000000000000000000000000000000000000000000000000000000000000110
0000000000000000000000000000000000000000000000000000000000000110
0000000000000000000000000000000000000000000000000000000000000110
0000000000000000000000000000000000000000000000000000000000000110
0000000000000000000000000000000000000000000000000000000000000110
0000000000000000000000000000000000000000000000000000000000000110
0000000000000000000000000000000000000000000000000000000000000110
0000000000000000000000000000000000000000000000000000000000000110
0000000000000000000000000000000000000000000000000000000000000110
0000000000000000000000000000000000000000000000000000000000000110
0000000000000000000000000000000000000000000000000000000000000110
0000000000000000000000000000000000000000000000000000000000000110
0000000000000000000000000000000000000000000000000000000000000110
0000000000000000000000000000000000000000000000000000000000000110
0000000000000000010110000100100000000000000000000000000000000110
0000000000000000000000001111111100000000000000000000000000000110
0000000000000001010001100100011000000000000000000000000000000110
0000000000000000000000000111100000000000000000000000000000000110
0000000000000000000000000111011000000000000000000000000000000110
0000000000000000000000000000000100000000000000000000000000000110
0000000000000000000000000000000000000000000000000000000000000110
0000000000000000000000000000000000000000000000000000000000000110
0000000000000000000000000000000000000000000000000000000000000110
0000000000000000000000000000000000000000000000000000000000000110
0000000000000000000000000000000000000000000000000000000000000110
0000000000000000000000000000000000000000000000000000000000000110
