1110001110100000000000000000000000000000000000000000000000000000
1110001110100000000001000000000000000000000000000000000000001100
1110000101000000000000000000000000000000000000000000000000000001
0000101000000000000000000000000000000000000000000000000100101100
1110001110100000000011000000000000000000000000000000000000000100
1110000101000000000000000000000000000000000000000000000000000011
1011101000000000000000000000000000000000000000000000000010110000
1110001010000001100011000000000000000000000000000000000000000100
1110000101000000000000000000000000000000000000000000000000000011
1011101000000000000000000000000000000000000000000000000011011000
1110001110100000000100000000000000000000000000000000000000000000
1110001000000000000110000000000000000000000000000000000000000100
1110011000010010000101000000000000000000000000000000000000110010
1110011000010010000110000000000000000000000000000000000000110011
1110011000010010000111000000000000000000000000000000000000110100
1110011000010010001000000000000000000000000000000000000000110101
1110011000010010001001000000000000000000000000000000000000000100
1110001110100000000100000000000000000000000000000000000011111111
1110001010000010101011000000000000000000000000000000000000000000
1110001000000011001010000000000000000000000000000000001010000000
1110000010000101001010000000000000000000000000000000000000001011
1110011000000101000100000000000000000000000000000000000001011010
1110000101000010100000000000000000000000000000000000000000000111
0000101000000000000000000000000000000000000000000000000001100000
1110001000000100101010000000000000000000000000000000000000000010
1110001110100000000100000000000000000000000000000000000000000000
1110011000010010001011000000000000000000000000000000000000000001
1110011000010010001100000000000000000000000000000000000000100111
1110000000000110001100000000000000000000000000000000000000001011
1110000101000101000000000000000000000000000000000000000000001100
1100101000000000000000000000000000000000000000000000000000010000
1110011000010010001011000000000000000000000000000000000000000000
1110000101000101000000000000000000000000000000000000000000001011
1011101000000000000000000000000000000000000000000000000000100100
1110000101000101000000000000000000000000000000000000000000001010
0000100000000000000000000000000000000000000000000000000001010000
1110000001000100101001000000000000000000000000000000000000001011
1110011000010010001011000000000000000000000000000000000000000010
1110000010000010100101000000000000000000000000000000000000001011
1110011000010010001011000000000000000000000000000000000000000000
1110000101000101000000000000000000000000000000000000000000001011
1011101000000000000000000000000000000000000000000000000000000100
1110000101000010100000000000000000000000000000000000000000000101
0000100000000000000000000000000000000000000000000000000001110000
1110000010000100101001000000000000000000000000000000000000001011
1110011000010010001010000000000000000000000000000000000000000011
1110000010000011000110000000000000000000000000000000000000001010
1110000101000010100000000000000000000000000000000000000000000101
0000100000000000000000000000000000000000000000000000000010000100
1110000101000011000000000000000000000000000000000000000000001000
0000101000000000000000000000000000000000000000000000000001100100
0001100000000000000000000000000000000000000000000000000001110100
1110001110100000000100000000000000000000000000000000000011111111
1110001000000000000110000000000000000000000000000000000000000100
1110011000010011000101000000000000000000000000000000000000110010
1110011000010011000111000000000000000000000000000000000000110100
1110011000010011000110000000000000000000000000000000000000110011
1110001010000010101001000000000000000000000000000000000000000000
1110001000000011001000000000000000000000000000000000001010000000
1110000010000100001000000000000000000000000000000000000000001001
1110011000000100000100000000000000000000000000000000000001011010
1110001010000010100101000000000000000000000000000000000000000001
1110000101000010100000000000000000000000000000000000000000000111
0001100000000000000000000000000000000000000000000000000000100000
0000101000000000000000000000000000000000000000000000000000101100
1110001110100000000100000000000000000000000000000000000011111111
1110001000000000000110000000000000000000000000000000000000000100
1110011000010011000101000000000000000000000000000000000000110010
1110011000010011000111000000000000000000000000000000000000110101
1110011000010011000110000000000000000000000000000000000000110011
1110001010000010101001000000000000000000000000000000000000000000
1110001000000011001000000000000000000000000000000000001010000000
1110000010000100001000000000000000000000000000000000000000001001
1110011000000100000100000000000000000000000000000000000001011010
1110001010000011000110000000000000000000000000000000000000000001
1110000101000011000000000000000000000000000000000000000000000111
0001100000000000000000000000000000000000000000000000000000100000
1110001010000000000000000000000000000000000000000000000000000001
1110000101000000000000000000000000000000000000000000000000000000
0000100000000000000000000000000000000000000000000000000100111100
1110001110100000000000000000000000000000000000000000000000000000
1110001110100000000001000000000000000000000000000000000000000000
